0.07	57.7833
0.11	66.45
0.13	70.9333
0.21	66.7833
0.23	73.6
0.25	78.7333
0.35	76
0.36	81.65
0.39	85.85
0.47	83.4333
0.49	88.95
0.51	93.45
0.62	90.0167
0.63	97.35
0.73	106.2
0.89	104.45
0.95	116.05
1.06	119.6
1.18	118.45
1.19	124.183
1.25	121.5
1.3	124.083
1.32	131.35
1.4	128.633
1.44	132.1
1.47	141.167
1.57	139.083
1.63	142.9
1.69	150.8
1.76	151.183
1.83	152.217
1.87	159.833
2.54	164.55
2.1	126.467
1.76	85.65
1.56	75.2333
1.39	68.0333
1.06	42.05
0.81	29.8
0.61	28.4167
0.26	-2.88333
0.2	-7.03333
0.2	-2.61667
0.2	1.21667
0.2	-0.85
0.2	-1.01667
-0.28	-34.6333
-0.82	-65.55
-1.4	-102.167
-1.7	-122.35
-2.04	-142.217
-2.33	-161.3
-2.79	-158.033
-2.79	-134.917
-2.65	-106.017
-2.28	-76.1667
-2.03	-62.75
-1.99	-57.2
-1.75	-45.9833
-1.51	-28.6667
-1.34	-18.6667
-1	-0.983333
-0.96	-0.733333
-0.94	-0.183333
-0.02	33.6167
0.57	59.0833
1	81.7833
2.08	151.567
2.53	185.217
3.04	234.467
3.52	285.283
4.09	346.317
4.46	382.1
4.99	450.55
5.31	486.417
5.41	498.217
5.95	516.8
5.99	517.2
5.99	519.4
6.01	520.95
6.01	472.633
5.96	470.233
5.95	462.033
5.94	460
5.55	400.117
4.97	320.5
3.97	202.9
3.55	160.6
2.99	113.35
2.09	49.7167
0.97	-0.4
0.76	-7.86667
-0.19	-32.8333
-0.19	-29.3333
-0.18	-27
-0.18	-33.2
-0.24	-8.18333
-0.32	-18.0333
-0.55	-40.9
-2.08	-149.45
-3.13	-249.683
-4.1	-358.917
-5.01	-468.583
-5.16	-488.583
-5.27	-503.167
-5.43	-520.7
-5.6	-538.917
-5.74	-552.817
-5.88	-566.017
-5.93	-533.317
-5.94	-513.183
-5.93	-499.25
-5.88	-487.15
-5.8	-471.933
-4.61	-295.7
-3.6	-189.5
-2.61	-100.483
-1.09	1.96667
-0.38	16.65
-0.28	24.6
-0.22	28.8833
-0.15	32.3333
-0.07	32.8
0.03	35.85
0.1	40.1167
0.16	44.2167
1.18	95.7667
2.18	157.8
3.09	230.983
4.1	335.4
5.11	445.75
5.65	504.65
5.71	508.05
5.77	511.5
5.78	515.083
5.77	491.05
5.78	488.85
5.78	488.1
5.77	491.25
5.77	471.833
5.77	459.5
5.18	358.417
4	212.15
2.93	115.817
1.96	50.3667
1.1	0.116667
0.25	-27.7333
-0.29	-26.6833
-0.26	-23.9833
-0.24	-21.5833
-0.24	-19.3833
-0.22	-20.2833
-0.32	-21.8
-0.42	-31.4333
-0.58	-38.65
-0.73	-43
-1.38	-81.3167
-2.13	-138.55
-3.11	-233.483
-4.15	-345.35
-5.11	-458.833
-5.19	-471.333
-5.3	-483.65
-5.39	-497.767
-5.47	-509.8
-5.54	-520.05
-5.62	-528.433
-5.68	-503.233
-5.67	-504.55
-5.67	-505.583
-5.67	-506.5
-5.68	-503.5
-5.67	-503.4
-5.68	-494.433
-5.67	-480.133
-5.21	-393.5
-4.18	-252.5
-3.05	-140.5
-2.1	-75.6833
-1.07	-15.1833
-0.79	-4.41667
-0.79	-2.7
-0.76	-3.63333
-0.06	0.6
0.27	17.317
0.6	41.883
1.03	67.733
1.35	81.333
1.64	105.033
1.91	128.833
2.24	146.75
2.58	172.85
2.83	197.183
3.12	219.8
3.51	232.967
4.53	330.183
5.05	388.667
5.49	441.1
6.02	506.467
6.47	557.383
7.1	617.533
7.4	642.667
7.42	647.333
8	695.45
9.91	828.3
10.04	808.383
10.01	738.617
9.67	694.05
8.74	542.517
7.79	432.767
6.91	321.55
5.84	220.25
4.64	115.617
3.91	75.0833
2.64	2.96667
1.18	-78
0.95	-87.6667
0.03	-127.067
-0.3	-140.167
-1.52	-209
-2.18	-255.017
-3.05	-318.783
-4.85	-493.9
-6.36	-618.983
-7.04	-678.5
-7.99	-737.583
-9	-783.033
-9.49	-807.383
-9.77	-822.3
-10.04	-794.45
-10.05	-761.05
-9.49	-663.917
-9.06	-600.767
-6.39	-287.833
-4.01	-103.317
-1.65	36.4833
-0.36	82.7833
0.09	82.7833
0.34	96.5333
1.72	161.767
2.89	233.75
4.22	334.417
5.44	435.533
7.17	596.383
8.1	689.25
9.64	822.267
10.34	868.5
10.61	872.333
10.76	811.083
9.11	555.483
6.42	278.4
4.24	109.467
2.65	12.4667
1.04	-48.0833
0.78	-55.5167
0.5	-65.9667
0.21	-76.2833
-0.03	-89.6333
-0.33	-105.167
-0.71	-110.767
-1.04	-127.867
-2.79	-219.483
-4.21	-321.733
-6.15	-452.717
-7.6	-595.25
-9	-723.917
-9.98	-796.45
-9.98	-789.05
-9.98	-796.2
-9.98	-798.9
-9.99	-789.767
-9.99	-793.55
-9.99	-796.3
-9.99	-797.05
-10	-793.65
-10.01	-796.3
-10.01	-799.717
-10.07	-752.633
-9.92	-723.433
-8.89	-572.033
-6.68	-315.15
-5.26	-198.05
-3.9	-101.4
-1.97	-16.45
-1.16	22.9833
-0.93	32.3833
-0.63	32.85
-0.35	39.9667
-0.15	55.5
0.08	60.9333
0.43	66.4167
2.23	147.017
4.18	279.917
6.14	434.417
9.04	708.95
10.35	837.883
12.18	937.133
13.57	955.733
13.71	960.217
14.12	899.917
14.14	867.967
13.56	786.633
13.04	713.7
12.49	645.233
11.94	579.617
9.01	270.683
8.43	220.567
7.73	172.05
7.05	121.883
6.43	76.7667
5.94	56.4333
5.28	22.5167
3.69	-25.0667
0.6	-123.517
0.26	-137.2
0	-143.45
-0.3	-153.4
-2.11	-255.75
-4.01	-366.133
-5.89	-501
-6.16	-515.517
-8.02	-661.25
-10.1	-810.35
-12.32	-870.067
-13.51	-905.833
-13.81	-907.767
-14.44	-881
-14.71	-844.2
-13.67	-651.617
-10.84	-346.55
-8.43	-156.267
-6.04	-27.3833
-3.81	35.15
-2.03	73.2667
-1	97.9667
-0.68	109.55
-0.36	114.933
-0.09	130.917
0.42	140.783
1.08	161.417
2.63	230.583
3.85	289.767
4.17	308.883
5.91	407.617
8.04	548.667
10.05	673.1
12.09	807.117
13.95	890.533
14.26	892.383
14.51	834.283
14.07	773.133
13.86	746.4
12.18	540.6
10.97	414.567
9.1	257.7
7.14	119.467
5.96	62.15
3.02	-29.8167
1.51	-49.6
0.33	-78.2333
0.05	-80.5667
-0.32	-77.5833
-0.52	-95.2333
-2.35	-137.1
-4.29	-212.583
-6.06	-291.167
-8.13	-392.183
-10.15	-535.233
-12.01	-670.683
-13.89	-807.45
-14.16	-819.583
-14.44	-831.267
-14.54	-796.033
-13.35	-593.05
-11.49	-384.65
-9.47	-222.25
-7.72	-112.2
-5.75	-30.1333
-3.95	14.5833
-1.61	56.5167
-1.26	58.4833
-1	65.3333
-0.6	72.4
-0.41	74.75
-0.06	81.6333
0.17	84.2333
0.46	92.8
0.78	91.7333
0.99	104.983
3.04	165.183
5.21	260.467
7.37	373.55
9.09	485.483
11.66	670.4
13.48	803.067
15.22	897.9
17.08	936.083
17.37	944.717
17.68	946.467
17.92	947.983
18.21	928.767
18.22	915.35
18.44	898.633
18.44	898.85
18.44	886.083
18.44	863.167
17.54	738.2
15.79	534.5
13.92	349.15
11.8	186.317
9.3	51.4833
8.22	10.35
7.07	3.11667
6.06	-33.8333
4.77	-45.1167
3.84	-59.0333
2.61	-69.9333
1.7	-87
0.82	-109.1
-0.06	-128.967
-1.24	-154.333
-2.04	-181.85
-5.97	-323.35
-7.05	-380.067
-9.02	-486.583
-10.08	-545.033
-10.92	-597.117
-11.15	-604.883
-12	-659.1
-13.04	-730.2
-15.1	-829
-16.55	-861.883
-17.99	-876.933
-18.29	-880.3
-18.54	-886.883
-18.63	-856.6
-18.88	-821.8
-18.88	-823.183
-18.87	-804.017
-18.86	-786.367
-18.75	-776.65
-17.14	-569.017
-15.94	-435.25
-13.44	-232.533
-11.94	-137.117
-9.89	-46.5333
-7.91	2.18333
-5.91	33.5
-2.98	59.6
-0.02	103.15
0.27	97.5333
2.35	148.8
4.34	198.383
6.17	258.167
8.2	344.167
10.18	434.55
12.07	534.767
14.28	656.217
16.02	746.967
17.85	856.967
18.12	872.867
18.47	857.467
18.46	835.783
18.36	836.75
18.43	826.167
18.43	825.167
18.43	802.8
16.64	586.533
14.82	404.133
12.92	251.233
10.93	121.767
8.76	39.5667
6.71	1.53333
3.62	-34.0833
1.17	-57.4833
0.88	-62.65
0.5	-61.4167
0.21	-61.65
-0.02	-69.55
-0.32	-77.2667
-2.39	-100.683
-4.47	-133.85
-6.17	-180.417
-8.13	-235.367
-10.19	-313.167
-12.14	-406.483
-14.17	-514.383
-16.15	-651.267
-17.98	-766.183
-18.15	-778.667
-18.41	-789.167
-18.46	-757.333
-18.53	-741.467
-18	-642.233
-17.43	-576.15
-16.85	-508.133
-16.08	-419.317
-15.45	-361.083
-14.89	-320.383
-14.04	-254.183
-13.05	-190.883
-11.91	-134.883
-10.98	-85.2667
-9.94	-48.7
-8.93	-26.4333
-7.86	-10.2167
-7.08	-3.38333
-6.16	8.76667
-4.87	28.55
-3.76	31.2
-1.75	55.3667
-0.76	57.25
0	66.7167
1.59	89.4833
2.53	112.533
3.58	128.633
4.46	141.55
5.45	162.65
6.63	199.15
7.49	223.5
9.14	285.65
11.02	376.9
13.19	490.6
14.82	597.033
15.01	603.883
16.45	698.133
18.25	815.05
20.01	885.617
21.56	911.933
21.75	910.05
21.93	909.95
22.1	915.233
22.28	908.767
22.08	753.35
21.85	736.083
21.73	723.917
21.62	711.683
21.51	695.75
21.43	687.35
21.33	676.5
21.25	665.567
21.14	657.617
21.07	640.117
19.86	492.4
17.36	280.367
15.86	175.1
13.6	66.0667
11.97	20.0333
7.47	-30.1667
0.45	-102.85
0.19	-103.683
-0.07	-103.767
-0.34	-107.183
-2.04	-138.033
-4.98	-192.55
-7.67	-253.15
-10.16	-337.617
-12.44	-438.2
-14.16	-528.583
-16.32	-649.117
-18.14	-737.017
-20.23	-827.167
-21.74	-858.2
-21.98	-862.783
-22.19	-865.2
-22.44	-870.483
-22.63	-844.1
-22.83	-787.917
-22.83	-778.083
-22.77	-767.883
-22.7	-757.2
-22.67	-747.117
-22.57	-738.417
-22.52	-728.6
-22.42	-716.983
-22.33	-706.2
-22.28	-693.067
-22.16	-686.25
-22.11	-668.9
-20.31	-450.033
-18.95	-332.283
-17.48	-231.1
-15.99	-142.217
-13.94	-62.2833
-12.22	-22.8667
-10.13	2.46667
-8.55	13.8667
-0.29	85.75
-0.03	82.3
1.04	94.3833
2.09	114.267
6.92	190.667
9.72	262.15
12.2	349.867
14.05	423.25
16.14	527.583
18.31	641.733
20.15	745.45
22.06	830.267
22.19	837.183
22.4	846.467
22.54	814.967
22.42	748.6
22.32	738.4
22.26	724.183
22.16	713.9
20.24	478.733
20.16	465.25
19.96	450.433
18.41	318.45
16.89	223.067
14.94	118.133
12.98	49.5167
10.98	10.8167
0.13	-66.4167
-0.12	-65.4667
-0.48	-67.15
-4.09	-108.217
-8.23	-168.933
-10.78	-222.3
-13.38	-300.967
-15.09	-368.717
-17.06	-459.75
-19.65	-600.567
-19.79	-614.933
-20.04	-623.05
-20.13	-632.467
-20.32	-643.55
-20.51	-650.983
-20.65	-664.583
-20.84	-669.95
-20.96	-681.517
-21.15	-692.5
-21.36	-700
-21.47	-713.017
-21.69	-723.317
-21.92	-730.533
-22.02	-742.783
-22.23	-750.667
-22.25	-729.867
-22.37	-705.533
-22.37	-710.817
-22.37	-696.317
-22.37	-689.817
-22.35	-674.1
-22.27	-663.583
-22.22	-648.983
-22.12	-644.483
-22.12	-624.633
-21.97	-622.8
-20.35	-438.417
-18.5	-281.9
-16.75	-171.617
-14.97	-94.75
-13.97	-58.6
-12.69	-36.4333
-10.9	-3.36667
-8.84	4.56667
-6.85	23.05
-4.81	31.3167
-2.86	47.5167
-0.95	59.9833
-0.66	60.7833
-0.46	56.1667
-0.26	65.8667
0.05	68.3333
0.29	64.3667
0.5	70.6167
2.45	89.8833
4.94	114.367
7.56	156.283
10.07	202.2
12.28	261.917
16.1	414.7
18.22	521.05
21.35	709.917
23.1	805.467
23.26	810.333
23.44	820.783
23.63	829.65
23.85	833.8
24.04	838.117
24.17	845.167
24.35	851.117
24.61	855.35
24.74	855.817
24.89	862.183
25.13	867.133
25.32	867.917
25.52	872.317
25.77	877
26.05	878.533
26.18	852.117
26.24	818.017
26.24	802.65
26.16	789.5
26.12	774.567
26.03	766.2
24.79	586.233
23.38	436.75
21.78	305.95
19.26	150.25
16.89	54.7
9.6	-18.5333
6.19	-39.9
0.06	-81.05
-0.13	-87.45
-3.24	-115.717
-6.5	-151.717
-8.71	-186.75
-10.32	-219.817
-12.09	-264.583
-14.13	-330.45
-16.18	-408.35
-18.14	-500.75
-20.07	-598.417
-21.9	-684.1
-23.54	-762.35
-23.67	-768.233
-23.9	-771.917
-24.05	-782.55
-24.26	-784.667
-24.4	-792.383
-24.67	-795.833
-24.84	-797.583
-24.99	-805.95
-25.19	-805.75
-25.38	-813.833
-25.59	-816.367
-25.78	-817.683
-25.95	-826.583
-26.22	-826.667
-26.37	-833.55
-26.57	-831.433
-26.58	-805.433
-26.6	-797.167
-26.61	-712.1
-26.5	-710.05
-26.49	-696.65
-26.4	-682.517
-26.3	-682.433
-26.28	-664.033
-26.16	-664.35
-26.14	-650.117
-26.04	-639.567
-25.92	-638.967
-25.08	-551.183
-25.06	-531.733
-24.94	-528.367
-20.94	-207.567
-18.81	-103.817
-16.84	-43.4167
-14.47	-21.1667
-12.83	-0.166667
-10.81	18.1833
-5.17	42.7
-0.92	73.8
-0.62	76.9167
-0.31	74.75
-0.14	76.2333
0.12	83.1
0.42	83.2167
3.12	92.7667
6.21	131.45
9.61	182.3
12.46	235.917
15.08	296.55
18.37	420.667
21.3	546.017
23.19	638.717
24.78	727.067
25.89	780.567
26.11	788.033
26.21	794.517
26.4	778.483
26.23	708.9
26.15	700.367
26.09	692.083
26.03	680.75
25.94	671.55
25.88	658.9
25.78	650.667
25.72	638.367
25.63	630.717
25.14	565.6
25.02	557.867
24.96	547.983
24.88	541.65
24.82	533.983
22.45	329.067
21.63	271
21.47	263.067
21.37	252.25
21.22	246.433
21.05	236.367
20.95	227.767
20.82	223.367
20.65	212.867
20.58	206.783
20.42	203.05
20.31	193.833
20.19	190.367
20.06	183
19.98	176.05
19.81	171.933
18.42	111.133
18.3	104.117
18.15	103.333
16.61	59.4
14.33	20.4833
10.96	-10.2
0.55	-53.3833
0.33	-62.5
0.06	-57.1333
-0.11	-65.05
-0.37	-62.1333
-5.57	-102.633
-8.23	-131.7
-10.35	-168.317
-12.66	-201.383
-15.9	-280.317
-19.06	-377.367
-19.23	-384.317
-19.39	-391.75
-19.58	-394.517
-19.7	-407.65
-19.93	-410.15
-20.07	-418.433
-22.55	-531.1
-24.74	-643.35
-26.09	-702.917
-26.23	-715.133
-26.38	-716.383
-26.39	-695.217
-26.19	-587.383
-25.35	-492.033
-24.46	-404.433
-23.24	-314.133
-21.79	-217.1
-20.43	-145.6
-19.56	-123.35
-18.43	-75.45
-17.25	-50.5833
-16.13	-20
-13.03	-4.36667
-3.57	41.6333
-3.29	50.3833
-2.97	51.0333
-2.7	45.1333
-2.47	52.05
-2.17	56.8667
-1.87	52.3333
-1.66	54.1167
-1.4	60.8
-1.07	61.45
-0.85	55.0667
-0.63	62.7
-0.32	67.3833
-0.02	64.2833
0.18	64.5
5.28	106.65
9.27	148.717
12.28	195.9
14.66	239.367
17.42	319.067
18.43	358.45
20.38	433.167
21.93	500.45
23.33	564.8
24.23	611.5
25	661.633
25.77	709.167
26.7	758.15
26.86	765.617
27.05	775.467
27.22	783.567
27.41	788.75
27.58	793.017
27.73	801.333
27.94	811.533
28.26	816.25
28.44	817.133
28.64	822.967
29.38	829.717
29.59	835.933
29.82	837.517
30.03	841.033
30.27	844.383
30.4	816.817
30.51	800.55
30.52	776.7
30.47	766.633
30.43	754.9
30.34	743.75
30.27	730.283
30.18	719.883
30.1	710.1
30.05	698.783
29.96	688.85
29.89	677.767
29.81	661.117
29.65	647.783
29.61	638.517
29.52	630.733
29.44	619.133
29.37	610.283
29.27	598.917
29.17	583.033
29.03	573.167
28.96	562.25
28.87	555.667
28.78	547.433
28.72	536.2
28.59	526.183
28.46	511.083
28.36	503.183
28.22	491.733
28.11	480.183
27.99	472.933
27.9	460.65
27.79	455.167
27.69	443.783
27.59	436.333
27.47	428.233
27.38	415.983
27.2	406.783
27.06	394.217
26.94	382.633
26.78	374.867
26.68	362.65
26.53	355.833
26.42	345.667
26.32	337.583
26.16	328.967
26.09	319.667
25.93	313.1
25.81	301.617
25.68	292.317
25.51	283.983
25.39	272.15
25.24	266.467
25.1	256.4
24.99	247.833
24.83	241.95
24.72	231.217
24.58	226.367
24.4	213.933
24.26	205.133
24.05	198.433
23.89	186.95
23.75	181.533
23.57	174.683
23.42	164.75
23.29	159.167
23.12	154.417
22.96	143.617
22.86	141.3
22.67	134.85
22.57	127.333
22.41	124.6
22.24	116.8
22.12	108.583
21.91	105.4
21.69	95.8833
21.55	90.8333
21.35	87.1667
21.17	80.6667
21.01	74.45
20.83	71.9333
12.45	-14.8167
9.85	-32.2833
7.55	-44.7333
3.94	-61.9667
0.31	-78.1167
0	-85.6
-0.29	-89.4167
-0.64	-87.5
-1.07	-86.5833
-1.3	-94.8167
-4.86	-119.067
-8.35	-159.367
-11.81	-202.15
-14.82	-251.483
-17.05	-305.383
-18.67	-357.15
-20.26	-407.367
-23.44	-538.767
-23.66	-549.167
-23.92	-558.9
-24.17	-568.617
-24.43	-580
-24.66	-588.817
-24.9	-602.983
-25.14	-613.067
-25.37	-621.883
-25.62	-633.283
-25.88	-642.533
-26.11	-651.567
-26.34	-664.683
-26.57	-676.117
-26.8	-686.333
-27.08	-692.9
-27.4	-703.383
-27.56	-714.317
-27.82	-724.917
-28.12	-735.483
-28.32	-742.5
-28.59	-749.633
-28.92	-761
-29.12	-768.55
-29.39	-775.583
-29.68	-783.783
-29.92	-789.9
-30.19	-795.85
-30.47	-786.45
-30.48	-767.767
-30.57	-742.033
-30.03	-632.867
-29.26	-542.883
-28.6	-480.217
-28.03	-405.233
-27.39	-359.367
-26.6	-293.267
-26.48	-284.467
-26.33	-277.417
-26.14	-267.233
-26.06	-255.2
-25.88	-250.733
-25.79	-238.6
-25.6	-234.15
-24.31	-160.25
-22.35	-94.7667
-21.1	-71.1667
-19.58	-28.1333
-16.62	-6.75
-15.8	-0.416667
-13.92	15.1
-8.65	37.0167
-2.16	68.5667
-1.89	61.0167
-1.55	71.1333
-1.16	74.9667
-0.83	69.5833
-0.55	72.7833
-0.2	80.3833
0.22	81.7
4.65	103.333
9.39	153.283
13.49	200.4
16.91	259.2
19.03	308.617
21.1	368.8
22.99	429.867
23.33	445.8
23.65	449.667
23.84	455.533
24.09	470.617
24.36	482.117
24.67	488.383
24.89	496.867
25.13	508.683
25.38	519.35
25.63	526.283
25.86	535.933
26.1	549.283
26.36	560.717
26.65	569.433
26.86	576.167
27.06	589.583
27.31	601.933
27.62	612.55
27.8	618.367
28.01	631.333
28.28	644.2
28.48	653.117
28.7	659.55
28.95	670.883
29.11	684.65
29.39	694.533
29.65	704.383
29.82	708.417
30.06	721.35
30.35	713.483
29.56	570.217
29.44	555.717
28.6	470.017
28.43	455.333
27.58	383.317
26.6	313.517
25.25	220.95
25.02	210.717
24.81	199.333
24.6	189.633
24.38	182.917
24.25	175.133
24.11	168.25
23.94	163.55
23.8	155.233
23.64	147.05
23.4	139.233
23.23	130.75
23.02	125.05
22.77	115.633
22.62	109.4
22.37	104.25
22.18	98.25
21.98	92.2
21.75	86.0667
21.59	82.6667
21.38	78.4
21.16	71.9167
17.87	21.5333
15.82	4.5
15.24	-1.2
15.06	-8.5
14.68	-3
14.43	-8.26667
10.63	-17.35
7.28	-33.6167
4.71	-42.5833
0.83	-59.7
0.61	-66.6167
0.26	-66.5167
-0.08	-65.7667
-0.4	-66.3833
-0.65	-74.6833
-1.02	-72.4
-1.35	-69.8333
-1.66	-78.6833
-1.95	-81.1333
-6.06	-105.267
-9.95	-142.767
-13.62	-179.85
-16.94	-232.95
-20.86	-321.05
-21.04	-331.85
-23.99	-420.217
-26.42	-519.517
-28.1	-586.767
-29.73	-658.317
-29.97	-670.633
-30.19	-680.217
-30.44	-690.8
-30.46	-665.067
-30.49	-602.617
-29.94	-525
-29.19	-448.7
-28.09	-353.383
-26.85	-268.1
-25.66	-205.35
-25.49	-202.033
-24.39	-155.05
-22.99	-102.083
-21.31	-48.1333
-19.87	-30.2667
-17.52	-4.83333
-17.4	-3.15
-15.01	2.81667
-12.25	22.5667
-9.15	34.6333
-6.19	37.7
-3.5	50.0833
-0.86	63.9333
-0.54	70.4833
-0.11	62.5667
0.25	74.8833
2.6	90.0667
4.95	97.7333
7.04	121.633
10.34	142.917
13.28	176.5
16.08	220.283
18.16	264.8
20.19	303.95
23.03	389.25
25.02	453.717
27.2	540.2
29.45	635.817
29.69	645.817
31.54	718.25
33.34	760.517
34.54	788.5
34.74	750.717
34.16	639.467
33.59	568.733
32.87	497.217
31.96	421.083
31.14	359.85
29.66	257
26.89	126.933
24.74	68.1333
22.14	24.6833
19.72	6.05
19.49	4.11667
17.57	-6.45
15.19	-19.6333
11.46	-34.1167
7.28	-42.3167
4.75	-59.25
1.44	-71.0833
0.38	-79.1667
-0.03	-79.9833
-0.36	-79.5167
-3	-91.2167
-5.47	-107.583
-7.67	-125.85
-10.19	-147.533
-12.26	-172.233
-16.05	-216.8
-18.05	-251.233
-20.07	-281.9
-23.55	-374.95
-26.2	-457.35
-28.46	-542.883
-30.43	-610.95
-32.68	-694.233
-33.83	-727.867
-34.14	-734.65
-34.46	-740.133
-34.58	-710.4
-34.58	-660.167
-33.89	-574.083
-33.13	-490.717
-32.17	-404.067
-31.06	-319.817
-29.9	-250.85
-28.98	-196.967
-27.89	-144.55
-26.7	-105.25
-25.57	-60.35
-24.16	-46.1667
-22.81	-15.1
-9.25	42.6
-6.55	62.4667
-4.14	69.1
-1.28	76.6833
0	81.95
0.33	91.4667
3.17	102.017
5.93	115.467
9.53	140.5
11.94	163.05
14.19	180.6
16.34	211.183
19.14	247.767
22.77	313.45
23.18	324.733
25.53	374.6
27.46	434.017
29.88	510.567
30.24	521.517
33.25	625.133
34.05	650.433
34.3	661.35
34.33	624.417
33.61	508.65
33.48	496.35
33.33	481.25
33.24	469.9
33.12	456.867
32.96	442.433
32.85	432.017
32.71	417.983
32.58	405.05
32.41	393.45
32.24	379.167
32.05	363.933
31.89	354.867
31.71	340.967
31.55	326.467
31.34	316.133
31.14	302.767
30.97	290.417
30.78	279.683
30.57	268.583
30.41	257.167
30.22	243.65
29.92	229.85
29.74	219.7
29.5	211.15
29.29	200.033
29.13	192.783
28.93	186.317
28.72	177.383
28.57	170.25
28.4	163.217
28.15	156
27.98	149.017
27.78	140.8
27.55	135.517
27.33	128.05
22.3	34.8833
19.26	10.6
15.96	-4.83333
12.8	-14.9333
9.9	-27.9667
5.86	-40.6
1.89	-54.8833
0.48	-64.4833
0.1	-68.1333
-0.28	-64.6333
-3.16	-82.6833
-5.63	-94.5333
-8.46	-113.017
-12.74	-137.817
-15.15	-162.15
-17.57	-188.117
-20.02	-221.717
-22.01	-261.567
-24.12	-306.283
-26.3	-356.85
-28.44	-418.6
-30.12	-478.517
-32.39	-554.233
-32.64	-567.35
-32.96	-580.633
-33.21	-588.333
-33.49	-595.883
-33.75	-605.467
-34.01	-618.783
-34.32	-629.85
-34.38	-601.85
-34.37	-546.8
-33.62	-473.35
-32.64	-387.567
-31.74	-314.717
-30.77	-259.3
-29.78	-205.983
-28.63	-152.817
-27.17	-107.417
-24.92	-54.3167
-22.53	-27.6167
-19.94	-3.6
-18.21	6.33333
-14.13	18.4833
-11.7	28.2167
-11.28	36.4667
-10.82	38
-5.34	59.4333
-2.37	67.4333
-0.43	76.9833
0.07	79.4167
0.53	71.95
3.1	82.65
5.38	99.2167
9.25	118.5
13.27	151.533
16.5	185.55
19.2	216.317
22.63	263.533
28.96	414.183
31.23	481.85
33.23	555.117
33.57	563.517
35.94	640.167
37.87	686.05
38.23	696.083
38.54	690.3
38.44	637.3
38.36	618.017
38.25	603.583
38.13	588.417
38	569.767
37.86	553.3
37.7	537.533
37.55	520.867
37.41	508.667
37.27	496.817
37.15	482.883
37.05	472.433
36.88	455.083
36.65	436.467
36.48	425.083
36.33	411.617
36.14	397.017
36	387.017
35.85	374.217
35.67	358.883
35.45	345.433
35.23	329.15
35.07	317.967
34.84	305.1
34.61	291.317
34.45	281.017
34.25	269.017
34.03	255.95
33.8	241.933
33.54	229.8
33.32	218.117
33.1	208.667
32.84	197.483
32.66	188.15
32.44	181.417
32.2	170.117
32.01	163.267
31.78	156.633
31.54	146.433
31.34	138.683
30.99	128.617
30.67	122.467
30.49	116.1
30.22	111.1
30.03	104.783
29.79	100.567
29.53	92.2167
29.29	88.5667
29	80.9667
28.69	78.15
28.45	70.8167
28.14	68.5
27.87	62.5833
27.58	58.9167
27.33	56.2667
27.03	50.25
26.76	49.9333
26.5	44.3167
26.19	41.4667
25.94	40.4167
25.67	35.6333
25.33	34.15
25.13	30.8
24.84	29.3
24.59	27.6167
24.3	24.2667
24	24.0833
20.91	3.38333
18.89	-5.38333
15.34	-23.4167
11.61	-31.3667
8.27	-42.8
3.83	-57.2833
3.29	-54.5167
3.02	-60.9333
2.66	-63.2333
2.18	-60.05
1.74	-63.9833
1.35	-70.4167
0.97	-67.9833
0.54	-65.4
0.12	-75.75
-0.27	-72.7833
-0.67	-70.0333
-1.1	-79.2667
-4.27	-92.6333
-8.27	-115.683
-12.39	-138.65
-15.14	-158.8
-17.46	-182.867
-20.23	-213.05
-27.47	-346.167
-30.85	-441.767
-33.17	-514.15
-35.27	-587.65
-37.26	-641.983
-37.57	-657.167
-37.91	-661.933
-38.24	-664.15
-38.51	-674.15
-38.55	-638.817
-38.38	-562.35
-37.2	-437.4
-36.03	-344.283
-34.59	-259.267
-33.05	-182.267
-31.51	-112.567