0.00
2.54
-2.79
6.01
-3.99
-5.94
4.06
5.78
-4.22
-5.68
4.32
10.04
0.04
-9.96
-10.05
-0.05
9.95
10.76
0.76
-9.24
-10.07
-0.07
9.93
14.14
4.14
-5.86
-14.71
-4.71
5.29
14.51
4.51
-5.49
-14.54
-4.54
5.46
15.46
18.44
8.44
-1.56
-11.56
-18.88
-8.88
1.12
11.12
18.47
8.47
-1.53
-11.53
-18.53
-8.53
1.47
11.47
21.47
22.28
12.28
2.28
-7.72
-17.72
-22.83
-12.83
-2.83
7.17
17.17
22.54
12.54
2.54
-7.46
-17.46
-22.37
-12.37
-2.37
7.63
17.63
26.24
16.24
6.24
-3.76
-13.76
-23.76
-26.61
-16.61
-6.61
3.39
13.39
23.39
26.40
16.40
6.40
-3.60
-13.60
-23.60
-26.39
-16.39
-6.39
3.61
13.61
23.61
30.52
20.52
10.52
0.52
-9.48
-19.48
-29.48
-30.57
-20.57
-10.57
-0.57
9.43
19.43
29.43
30.35
20.35
10.35
0.35
-9.65
-19.65
-29.65
-30.49
-20.49
-10.49
-0.49
9.51
19.51
29.51
34.74
24.74
14.74
4.74
-5.26
-15.26
-25.26
-34.58
-24.58
-14.58
-4.58
5.42
15.42
25.42
34.33
24.33
14.33
4.33
-5.67
-15.67
-25.67
-34.38
-24.38
-14.38
-4.38
5.62
15.62
25.62
35.62
38.54
28.54
18.54
8.54
-1.46
-11.46
-21.46
-31.46
-38.55
-28.55
-18.55
-8.55
1.45
